51,38
51,37
51,22
51,27
51,33
51,29
51,31
51,19
51,7
51,6
51,5
51,17
51,12
51,11
51,4
51,14
51,26
0,381
0,361
0,354
0,344
0,574
0,572
0,569
0,568
0,567
0,565
0,564
0,563
0,559
0,558
0,556
0,554
0,552
0,551
0,468
0,467
0,466
0,465
0,464
0,463
0,461
0,460
0,459
0,458
0,457
0,456
0,455
0,454
0,453
0,452
0,451
51,16
51,15
51,28
51,23
51,42
51,35
0,450
0,449
0,448
0,447
0,446
0,445
0,444
0,442
0,441
0,440
0,439
0,438
0,437
35,7
35,6
34,21
0,436
0,435
0,434
0,433
0,432
0,431
0,430
34,203
80,36
0,429
0,428
0,427
0,426
0,425
0,424
0,423
0,419
33,122
80,35
8,7
8,12
8,17
8,14
8,2
8,3
12,2
12,1
12,3
18,1
18,3
14,1
14,4
14,3
13,1
13,3
2,2
2,1
2,3
51,55
51,54
51,46
51,45
51,41
51,40
51,39
51,36
51,34
51,25
51,24
51,20
51,18
51,10
51,1
35,26
35,25
35,24
35,22
35,18
35,14
35,13
35,12
35,10
35,5
35,4
35,1
34,255
34,254
34,253
34,252
34,251
34,250
34,249
34,248
34,247
34,246
34,245
34,244
34,243
34,242
34,241
34,240
34,239
34,238
34,237
34,236
34,235
34,234
34,233
34,232
34,231
34,230
34,229
34,228
34,227
34,226
34,31
34,30
34,28
34,1
33,192
33,121
33,120
33,119
33,118
33,117
33,116
33,115
33,114
33,113
33,112
33,111
33,110
20,3
20,2
20,1
19,3
19,2
19,1
11,27
11,25
11,22
11,20
11,11
11,10
11,9
11,1
10,205
